<?xml version="1.0" encoding="utf-8"?>
<COLLADA xmlns="http://www.collada.org/2005/11/COLLADASchema" version="1.4.1">
   <asset>
      <contributor>
         <authoring_tool>Google SketchUp 7.0.8634</authoring_tool>
      </contributor>
      <created>2008-11-29T04:29:45Z</created>
      <modified>2008-11-29T04:29:45Z</modified>
      <unit name="inches" meter="0.0254"/>
      <up_axis>Z_UP</up_axis>
   </asset>
   <library_materials>
      <material id="material_0_8ID" name="material_0_8">
         <instance_effect url="#material_0_8-effect"/>
      </material>
      <material id="material_1_8ID" name="material_1_8">
         <instance_effect url="#material_1_8-effect"/>
      </material>
   </library_materials>
   <library_effects>
      <effect id="material_0_8-effect" name="material_0_8-effect">
         <profile_COMMON>
            <technique sid="COMMON">
               <lambert>
                  <emission>
                     <color>0.000000 0.000000 0.000000 1</color>
                  </emission>
                  <ambient>
                     <color>0.000000 0.000000 0.000000 1</color>
                  </ambient>
                  <diffuse>
                     <color>0.000000 0.501961 0.000000 1</color>
                  </diffuse>
                  <transparent>
                     <color>1 1 1 1</color>
                  </transparent>
                  <transparency>
                     <float>0.000000</float>
                  </transparency>
               </lambert>
            </technique>
         </profile_COMMON>
      </effect>
      <effect id="material_1_8-effect" name="material_1_8-effect">
         <profile_COMMON>
            <technique sid="COMMON">
               <lambert>
                  <emission>
                     <color>0.000000 0.000000 0.000000 1</color>
                  </emission>
                  <ambient>
                     <color>0.000000 0.000000 0.000000 1</color>
                  </ambient>
                  <diffuse>
                     <color>0.400000 1.000000 0.400000 1</color>
                  </diffuse>
                  <transparent>
                     <color>1 1 1 1</color>
                  </transparent>
                  <transparency>
                     <float>0.000000</float>
                  </transparency>
               </lambert>
            </technique>
         </profile_COMMON>
      </effect>
   </library_effects>
   <library_geometries>
      <geometry id="mesh1-geometry" name="mesh1-geometry">
         <mesh>
            <source id="mesh1-geometry-position">
               <float_array id="mesh1-geometry-position-array" count="18">6.851200 13.349955 35.671521 0.000000 0.000000 0.000000 -6.851200 13.349955 35.671521 6.851200 13.349955 91.940602 -6.851200 13.349955 91.940602 0.000000 0.000000 155.580000 </float_array>
               <technique_common>
                  <accessor source="#mesh1-geometry-position-array" count="6" stride="3">
                     <param name="X" type="float"/>
                     <param name="Y" type="float"/>
                     <param name="Z" type="float"/>
                  </accessor>
               </technique_common>
            </source>
            <source id="mesh1-geometry-normal">
               <float_array id="mesh1-geometry-normal-array" count="24">-0.000000 0.984012 -0.178100 -0.000000 0.936561 -0.350505 0.000000 -0.984012 0.178100 0.000000 -0.936561 0.350505 -0.000000 0.994660 0.103204 0.000000 -0.994660 -0.103204 -0.000000 0.978698 0.205306 0.000000 -0.978698 -0.205306 </float_array>
               <technique_common>
                  <accessor source="#mesh1-geometry-normal-array" count="8" stride="3">
                     <param name="X" type="float"/>
                     <param name="Y" type="float"/>
                     <param name="Z" type="float"/>
                  </accessor>
               </technique_common>
            </source>
            <source id="mesh1-geometry-uv">
               <float_array id="mesh1-geometry-uv-array" count="20">6.851200 38.087777 0.000000 0.000000 -6.851200 38.087777 6.851200 35.671521 -6.851200 35.671521 6.851200 91.940602 -6.851200 91.940602 6.851200 87.241232 -6.851200 87.241232 0.000000 152.265798 </float_array>
               <technique_common>
                  <accessor source="#mesh1-geometry-uv-array" count="10" stride="2">
                     <param name="S" type="float"/>
                     <param name="T" type="float"/>
                  </accessor>
               </technique_common>
            </source>
            <vertices id="mesh1-geometry-vertex">
               <input semantic="POSITION" source="#mesh1-geometry-position"/>
            </vertices>
            <triangles material="material_0_8" count="4">
               <input semantic="VERTEX" source="#mesh1-geometry-vertex" offset="0"/>
               <input semantic="NORMAL" source="#mesh1-geometry-normal" offset="1"/>
               <input semantic="TEXCOORD" source="#mesh1-geometry-uv" offset="2" set="0"/>
               <p>0 0 0 1 1 1 2 0 2 0 0 3 2 0 4 3 4 5 4 4 6 3 4 5 2 0 4 3 4 7 4 4 8 5 6 9 </p>
            </triangles>
            <triangles material="material_1_8" count="4">
               <input semantic="VERTEX" source="#mesh1-geometry-vertex" offset="0"/>
               <input semantic="NORMAL" source="#mesh1-geometry-normal" offset="1"/>
               <input semantic="TEXCOORD" source="#mesh1-geometry-uv" offset="2" set="0"/>
               <p>2 2 2 1 3 1 0 2 0 3 5 5 2 2 4 0 2 3 2 2 4 3 5 5 4 5 6 5 7 9 4 5 8 3 5 7 </p>
            </triangles>
         </mesh>
      </geometry>
   </library_geometries>
   <library_nodes>
      <node id="RedRotationFin" name="RedRotationFin">
         <node id="mesh1" name="mesh1">
            <instance_geometry url="#mesh1-geometry">
               <bind_material>
                  <technique_common>
                     <instance_material symbol="material_0_8" target="#material_0_8ID"/>
                     <instance_material symbol="material_1_8" target="#material_1_8ID"/>
                  </technique_common>
               </bind_material>
            </instance_geometry>
         </node>
      </node>
      <node id="BlueRotationFin" name="BlueRotationFin">
         <node id="RedRotationFin1" name="RedRotationFin1">
            <matrix>
               0.320000 0.000000 0.000000 0.000000
               0.000000 0.091364 -0.211769 0.000000
               0.000000 0.068848 0.281027 0.000000
               0.000000 0.000000 0.000000 1.000000
            </matrix>
            <instance_node url="#RedRotationFin"/>
         </node>
      </node>
      <node id="BlueRotationFin_1" name="BlueRotationFin_1">
         <node id="RedRotationFin2" name="RedRotationFin2">
            <matrix>
               0.320000 0.000000 0.000000 0.000000
               0.000000 0.104182 -0.302566 0.000000
               0.000000 0.302566 0.104182 0.000000
               0.000000 0.000000 0.000000 1.000000
            </matrix>
            <instance_node url="#RedRotationFin"/>
         </node>
      </node>
      <node id="BlueRotationFin_2" name="BlueRotationFin_2">
         <node id="RedRotationFin3" name="RedRotationFin3">
            <matrix>
               0.320000 0.000000 0.000000 0.000000
               0.000000 0.268375 -0.174284 0.000000
               0.000000 0.174284 0.268375 0.000000
               0.000000 0.000000 0.000000 1.000000
            </matrix>
            <instance_node url="#RedRotationFin"/>
         </node>
      </node>
      <node id="BlueRotationFin_3" name="BlueRotationFin_3">
         <node id="RedRotationFin4" name="RedRotationFin4">
            <matrix>
               0.320000 0.000000 0.000000 0.000000
               0.000000 0.164812 -0.274294 0.000000
               0.000000 0.274294 0.164812 0.000000
               0.000000 0.000000 0.000000 1.000000
            </matrix>
            <instance_node url="#RedRotationFin"/>
         </node>
      </node>
      <node id="BlueRotationFin_4" name="BlueRotationFin_4">
         <node id="RedRotationFin5" name="RedRotationFin5">
            <matrix>
               0.320000 0.000000 0.000000 0.000000
               0.000000 0.268375 -0.174284 0.000000
               0.000000 0.174284 0.268375 0.000000
               0.000000 0.000000 0.000000 1.000000
            </matrix>
            <instance_node url="#RedRotationFin"/>
         </node>
      </node>
      <node id="BlueRotationFin_5" name="BlueRotationFin_5">
         <node id="RedRotationFin6" name="RedRotationFin6">
            <matrix>
               0.320000 0.000000 0.000000 0.000000
               0.000000 0.316886 -0.044535 0.000000
               0.000000 0.044535 0.316886 0.000000
               0.000000 0.000000 0.000000 1.000000
            </matrix>
            <instance_node url="#RedRotationFin"/>
         </node>
      </node>
      <node id="BlueRotationFin_6" name="BlueRotationFin_6">
         <node id="RedRotationFin7" name="RedRotationFin7">
            <matrix>
               0.320000 0.000000 0.000000 0.000000
               0.000000 0.258885 -0.188091 0.000000
               0.000000 0.188091 0.258885 0.000000
               0.000000 0.000000 0.000000 1.000000
            </matrix>
            <instance_node url="#RedRotationFin"/>
         </node>
      </node>
      <node id="BlueRotationFin_7" name="BlueRotationFin_7">
         <node id="RedRotationFin8" name="RedRotationFin8">
            <matrix>
               0.320000 0.000000 0.000000 0.000000
               0.000000 0.285122 -0.145277 0.000000
               0.000000 0.145277 0.285122 0.000000
               0.000000 0.000000 0.000000 1.000000
            </matrix>
            <instance_node url="#RedRotationFin"/>
         </node>
      </node>
      <node id="BlueRotationFin_8" name="BlueRotationFin_8">
         <node id="RedRotationFin9" name="RedRotationFin9">
            <matrix>
               0.320000 0.000000 0.000000 0.000000
               0.000000 0.258885 -0.188091 0.000000
               0.000000 0.188091 0.258885 0.000000
               0.000000 0.000000 0.000000 1.000000
            </matrix>
            <instance_node url="#RedRotationFin"/>
         </node>
      </node>
      <node id="BlueRotationFin_9" name="BlueRotationFin_9">
         <node id="RedRotationFin10" name="RedRotationFin10">
            <matrix>
               0.320000 0.000000 0.000000 0.000000
               0.000000 0.093559 -0.306018 0.000000
               0.000000 0.306018 0.093559 0.000000
               0.000000 0.000000 0.000000 1.000000
            </matrix>
            <instance_node url="#RedRotationFin"/>
         </node>
      </node>
      <node id="BlueRotationFin_10" name="BlueRotationFin_10">
         <node id="RedRotationFin11" name="RedRotationFin11">
            <matrix>
               0.320000 0.000000 0.000000 0.000000
               0.000000 0.294562 -0.125034 0.000000
               0.000000 0.125034 0.294562 0.000000
               0.000000 0.000000 0.000000 1.000000
            </matrix>
            <instance_node url="#RedRotationFin"/>
         </node>
      </node>
      <node id="BlueRotationFin_11" name="BlueRotationFin_11">
         <node id="RedRotationFin12" name="RedRotationFin12">
            <matrix>
               0.320000 0.000000 0.000000 0.000000
               0.000000 0.140279 -0.287614 0.000000
               0.000000 0.287614 0.140279 0.000000
               0.000000 0.000000 0.000000 1.000000
            </matrix>
            <instance_node url="#RedRotationFin"/>
         </node>
      </node>
      <node id="BlueRotationFin_12" name="BlueRotationFin_12">
         <node id="RedRotationFin13" name="RedRotationFin13">
            <matrix>
               0.320000 0.000000 0.000000 0.000000
               0.000000 0.088204 -0.307604 0.000000
               0.000000 0.307604 0.088204 0.000000
               0.000000 0.000000 0.000000 1.000000
            </matrix>
            <instance_node url="#RedRotationFin"/>
         </node>
      </node>
      <node id="BlueRotationFin_13" name="BlueRotationFin_13">
         <node id="RedRotationFin14" name="RedRotationFin14">
            <matrix>
               0.320000 0.000000 0.000000 0.000000
               0.000000 0.150231 -0.282543 0.000000
               0.000000 0.282543 0.150231 0.000000
               0.000000 0.000000 0.000000 1.000000
            </matrix>
            <instance_node url="#RedRotationFin"/>
         </node>
      </node>
      <node id="BlueRotationFin_14" name="BlueRotationFin_14">
         <node id="RedRotationFin15" name="RedRotationFin15">
            <matrix>
               0.320000 0.000000 0.000000 0.000000
               0.000000 0.088204 -0.307604 0.000000
               0.000000 0.307604 0.088204 0.000000
               0.000000 0.000000 0.000000 1.000000
            </matrix>
            <instance_node url="#RedRotationFin"/>
         </node>
      </node>
      <node id="BlueRotationFin_15" name="BlueRotationFin_15">
         <node id="RedRotationFin16" name="RedRotationFin16">
            <matrix>
               0.320000 0.000000 0.000000 0.000000
               0.000000 0.230189 -0.222291 0.000000
               0.000000 0.222291 0.230189 0.000000
               0.000000 0.000000 0.000000 1.000000
            </matrix>
            <instance_node url="#RedRotationFin"/>
         </node>
      </node>
      <node id="BlueRotationFin_16" name="BlueRotationFin_16">
         <node id="RedRotationFin17" name="RedRotationFin17">
            <matrix>
               0.320000 0.000000 0.000000 0.000000
               0.000000 0.265292 -0.178942 0.000000
               0.000000 0.178942 0.265292 0.000000
               0.000000 0.000000 0.000000 1.000000
            </matrix>
            <instance_node url="#RedRotationFin"/>
         </node>
      </node>
      <node id="BlueRotationFin_17" name="BlueRotationFin_17">
         <node id="RedRotationFin18" name="RedRotationFin18">
            <matrix>
               0.320000 0.000000 0.000000 0.000000
               0.000000 0.285122 -0.145277 0.000000
               0.000000 0.145277 0.285122 0.000000
               0.000000 0.000000 0.000000 1.000000
            </matrix>
            <instance_node url="#RedRotationFin"/>
         </node>
      </node>
      <node id="BlueRotationFin_18" name="BlueRotationFin_18">
         <node id="RedRotationFin19" name="RedRotationFin19">
            <matrix>
               0.320000 0.000000 0.000000 0.000000
               0.000000 0.169574 -0.271375 0.000000
               0.000000 0.271375 0.169574 0.000000
               0.000000 0.000000 0.000000 1.000000
            </matrix>
            <instance_node url="#RedRotationFin"/>
         </node>
      </node>
      <node id="BlueRotationFin_19" name="BlueRotationFin_19">
         <node id="RedRotationFin20" name="RedRotationFin20">
            <matrix>
               0.320000 0.000000 0.000000 0.000000
               0.000000 0.093559 -0.306018 0.000000
               0.000000 0.306018 0.093559 0.000000
               0.000000 0.000000 0.000000 1.000000
            </matrix>
            <instance_node url="#RedRotationFin"/>
         </node>
      </node>
      <node id="BlueRotationFin_20" name="BlueRotationFin_20">
         <node id="RedRotationFin21" name="RedRotationFin21">
            <matrix>
               0.320000 0.000000 0.000000 0.000000
               0.000000 0.209939 -0.241507 0.000000
               0.000000 0.241507 0.209939 0.000000
               0.000000 0.000000 0.000000 1.000000
            </matrix>
            <instance_node url="#RedRotationFin"/>
         </node>
      </node>
      <node id="BlueRotationFin_21" name="BlueRotationFin_21">
         <node id="RedRotationFin22" name="RedRotationFin22">
            <matrix>
               0.320000 0.000000 0.000000 0.000000
               0.000000 0.150231 -0.282543 0.000000
               0.000000 0.282543 0.150231 0.000000
               0.000000 0.000000 0.000000 1.000000
            </matrix>
            <instance_node url="#RedRotationFin"/>
         </node>
      </node>
      <node id="BlueRotationFin_22" name="BlueRotationFin_22">
         <node id="RedRotationFin23" name="RedRotationFin23">
            <matrix>
               0.320000 0.000000 0.000000 0.000000
               0.000000 0.296699 -0.119874 0.000000
               0.000000 0.119874 0.296699 0.000000
               0.000000 0.000000 0.000000 1.000000
            </matrix>
            <instance_node url="#RedRotationFin"/>
         </node>
      </node>
      <node id="BlueRotationFin_23" name="BlueRotationFin_23">
         <node id="RedRotationFin24" name="RedRotationFin24">
            <matrix>
               0.320000 0.000000 0.000000 0.000000
               0.000000 0.298746 -0.114678 0.000000
               0.000000 0.114678 0.298746 0.000000
               0.000000 0.000000 0.000000 1.000000
            </matrix>
            <instance_node url="#RedRotationFin"/>
         </node>
      </node>
      <node id="BlueRotationFin_24" name="BlueRotationFin_24">
         <node id="RedRotationFin25" name="RedRotationFin25">
            <matrix>
               0.320000 0.000000 0.000000 0.000000
               0.000000 0.071984 -0.311798 0.000000
               0.000000 0.311798 0.071984 0.000000
               0.000000 0.000000 0.000000 1.000000
            </matrix>
            <instance_node url="#RedRotationFin"/>
         </node>
      </node>
      <node id="BlueRotationFin_25" name="BlueRotationFin_25">
         <node id="RedRotationFin26" name="RedRotationFin26">
            <matrix>
               0.320000 0.000000 0.000000 0.000000
               0.000000 0.174284 -0.268375 0.000000
               0.000000 0.268375 0.174284 0.000000
               0.000000 0.000000 0.000000 1.000000
            </matrix>
            <instance_node url="#RedRotationFin"/>
         </node>
      </node>
      <node id="PlantFin" name="PlantFin">
         <node id="BlueRotationFin1" name="BlueRotationFin1">
            <matrix>
               0.754710 -0.656059 0.000000 0.000000
               0.656059 0.754710 0.000000 0.000000
               -0.000000 0.000000 1.000000 0.000000
               0.000000 0.000000 0.000000 1.000000
            </matrix>
            <instance_node url="#BlueRotationFin"/>
         </node>
         <node id="BlueRotation_copy_001" name="BlueRotation_copy_001">
            <matrix>
               0.788011 -0.615661 0.000000 0.000000
               0.615661 0.788011 0.000000 0.000000
               -0.000000 0.000000 1.000000 0.000000
               0.000000 0.000000 0.000000 1.000000
            </matrix>
            <instance_node url="#BlueRotationFin_1"/>
         </node>
         <node id="BlueRotation_copy_002" name="BlueRotation_copy_002">
            <matrix>
               0.275637 0.961262 0.000000 0.000000
               -0.961262 0.275637 0.000000 0.000000
               0.000000 -0.000000 1.000000 0.000000
               0.000000 0.000000 0.000000 1.000000
            </matrix>
            <instance_node url="#BlueRotationFin_2"/>
         </node>
         <node id="BlueRotation_copy_003" name="BlueRotation_copy_003">
            <matrix>
               -0.258819 -0.965926 0.000000 0.000000
               0.965926 -0.258819 0.000000 0.000000
               0.000000 0.000000 1.000000 0.000000
               0.000000 0.000000 0.000000 1.000000
            </matrix>
            <instance_node url="#BlueRotationFin_3"/>
         </node>
         <node id="BlueRotation_copy_004" name="BlueRotation_copy_004">
            <matrix>
               -0.798636 0.601815 0.000000 0.000000
               -0.601815 -0.798636 0.000000 0.000000
               0.000000 0.000000 1.000000 0.000000
               0.000000 0.000000 0.000000 1.000000
            </matrix>
            <instance_node url="#BlueRotationFin_4"/>
         </node>
         <node id="BlueRotation_copy_005" name="BlueRotation_copy_005">
            <matrix>
               0.996195 0.087156 0.000000 0.000000
               -0.087156 0.996195 0.000000 0.000000
               0.000000 -0.000000 1.000000 0.000000
               0.000000 0.000000 0.000000 1.000000
            </matrix>
            <instance_node url="#BlueRotationFin_5"/>
         </node>
         <node id="BlueRotation_copy_006" name="BlueRotation_copy_006">
            <matrix>
               0.829038 -0.559193 0.000000 0.000000
               0.559193 0.829038 0.000000 0.000000
               -0.000000 0.000000 1.000000 0.000000
               0.000000 0.000000 0.000000 1.000000
            </matrix>
            <instance_node url="#BlueRotationFin_6"/>
         </node>
         <node id="BlueRotation_copy_007" name="BlueRotation_copy_007">
            <matrix>
               0.190809 -0.981627 0.000000 0.000000
               0.981627 0.190809 0.000000 0.000000
               -0.000000 0.000000 1.000000 0.000000
               0.000000 0.000000 0.000000 1.000000
            </matrix>
            <instance_node url="#BlueRotationFin_7"/>
         </node>
         <node id="BlueRotation_copy_008" name="BlueRotation_copy_008">
            <matrix>
               0.990268 0.139173 0.000000 0.000000
               -0.139173 0.990268 0.000000 0.000000
               0.000000 -0.000000 1.000000 0.000000
               0.000000 0.000000 0.000000 1.000000
            </matrix>
            <instance_node url="#BlueRotationFin_8"/>
         </node>
         <node id="BlueRotation_copy_009" name="BlueRotation_copy_009">
            <matrix>
               -0.766044 0.642788 0.000000 0.000000
               -0.642788 -0.766044 0.000000 0.000000
               0.000000 0.000000 1.000000 0.000000
               0.000000 0.000000 0.000000 1.000000
            </matrix>
            <instance_node url="#BlueRotationFin_9"/>
         </node>
         <node id="BlueRotation_copy_010" name="BlueRotation_copy_010">
            <matrix>
               0.965926 -0.258819 0.000000 0.000000
               0.258819 0.965926 0.000000 0.000000
               -0.000000 0.000000 1.000000 0.000000
               0.000000 0.000000 0.000000 1.000000
            </matrix>
            <instance_node url="#BlueRotationFin_10"/>
         </node>
         <node id="BlueRotation_copy_011" name="BlueRotation_copy_011">
            <matrix>
               0.453990 0.891007 0.000000 0.000000
               -0.891007 0.453990 0.000000 0.000000
               0.000000 -0.000000 1.000000 0.000000
               0.000000 0.000000 0.000000 1.000000
            </matrix>
            <instance_node url="#BlueRotationFin_11"/>
         </node>
         <node id="BlueRotation_copy_012" name="BlueRotation_copy_012">
            <matrix>
               0.469472 -0.882948 0.000000 0.000000
               0.882948 0.469472 0.000000 0.000000
               -0.000000 0.000000 1.000000 0.000000
               0.000000 0.000000 0.000000 1.000000
            </matrix>
            <instance_node url="#BlueRotationFin_12"/>
         </node>
         <node id="BlueRotation_copy_013" name="BlueRotation_copy_013">
            <matrix>
               -0.891007 -0.453990 0.000000 0.000000
               0.453990 -0.891007 0.000000 0.000000
               0.000000 0.000000 1.000000 0.000000
               0.000000 0.000000 0.000000 1.000000
            </matrix>
            <instance_node url="#BlueRotationFin_13"/>
         </node>
         <node id="BlueRotation_copy_014" name="BlueRotation_copy_014">
            <matrix>
               0.207912 0.978148 0.000000 0.000000
               -0.978148 0.207912 0.000000 0.000000
               0.000000 -0.000000 1.000000 0.000000
               0.000000 0.000000 0.000000 1.000000
            </matrix>
            <instance_node url="#BlueRotationFin_14"/>
         </node>
         <node id="BlueRotation_copy_015" name="BlueRotation_copy_015">
            <matrix>
               0.798636 0.601815 0.000000 0.000000
               -0.601815 0.798636 0.000000 0.000000
               0.000000 -0.000000 1.000000 0.000000
               0.000000 0.000000 0.000000 1.000000
            </matrix>
            <instance_node url="#BlueRotationFin_15"/>
         </node>
         <node id="BlueRotation_copy_016" name="BlueRotation_copy_016">
            <matrix>
               -0.515038 -0.857167 0.000000 0.000000
               0.857167 -0.515038 0.000000 0.000000
               0.000000 0.000000 1.000000 0.000000
               0.000000 0.000000 0.000000 1.000000
            </matrix>
            <instance_node url="#BlueRotationFin_16"/>
         </node>
         <node id="BlueRotation_copy_017" name="BlueRotation_copy_017">
            <matrix>
               0.987688 -0.156434 0.000000 0.000000
               0.156434 0.987688 0.000000 0.000000
               -0.000000 0.000000 1.000000 0.000000
               0.000000 0.000000 0.000000 1.000000
            </matrix>
            <instance_node url="#BlueRotationFin_17"/>
         </node>
         <node id="BlueRotation_copy_018" name="BlueRotation_copy_018">
            <matrix>
               0.848048 0.529919 0.000000 0.000000
               -0.529919 0.848048 0.000000 0.000000
               0.000000 -0.000000 1.000000 0.000000
               0.000000 0.000000 0.000000 1.000000
            </matrix>
            <instance_node url="#BlueRotationFin_18"/>
         </node>
         <node id="BlueRotation_copy_019" name="BlueRotation_copy_019">
            <matrix>
               0.469472 0.882948 0.000000 0.000000
               -0.882948 0.469472 0.000000 0.000000
               0.000000 -0.000000 1.000000 0.000000
               0.000000 0.000000 0.000000 1.000000
            </matrix>
            <instance_node url="#BlueRotationFin_19"/>
         </node>
         <node id="BlueRotation_copy_020" name="BlueRotation_copy_020">
            <matrix>
               0.891007 -0.453990 0.000000 0.000000
               0.453990 0.891007 0.000000 0.000000
               -0.000000 0.000000 1.000000 0.000000
               0.000000 0.000000 0.000000 1.000000
            </matrix>
            <instance_node url="#BlueRotationFin_20"/>
         </node>
         <node id="BlueRotation_copy_021" name="BlueRotation_copy_021">
            <matrix>
               -0.438371 0.898794 0.000000 0.000000
               -0.898794 -0.438371 0.000000 0.000000
               0.000000 0.000000 1.000000 0.000000
               0.000000 0.000000 0.000000 1.000000
            </matrix>
            <instance_node url="#BlueRotationFin_21"/>
         </node>
         <node id="BlueRotation_copy_022" name="BlueRotation_copy_022">
            <matrix>
               -0.422618 -0.906308 0.000000 0.000000
               0.906308 -0.422618 0.000000 0.000000
               0.000000 0.000000 1.000000 0.000000
               0.000000 0.000000 0.000000 1.000000
            </matrix>
            <instance_node url="#BlueRotationFin_22"/>
         </node>
         <node id="BlueRotation_copy_023" name="BlueRotation_copy_023">
            <matrix>
               0.573576 -0.819152 0.000000 0.000000
               0.819152 0.573576 0.000000 0.000000
               -0.000000 0.000000 1.000000 0.000000
               0.000000 0.000000 0.000000 1.000000
            </matrix>
            <instance_node url="#BlueRotationFin_23"/>
         </node>
         <node id="BlueRotation_copy_024" name="BlueRotation_copy_024">
            <matrix>
               -0.951057 0.309017 0.000000 0.000000
               -0.309017 -0.951057 0.000000 0.000000
               0.000000 0.000000 1.000000 0.000000
               0.000000 0.000000 0.000000 1.000000
            </matrix>
            <instance_node url="#BlueRotationFin_24"/>
         </node>
         <node id="BlueRotation_copy_025" name="BlueRotation_copy_025">
            <matrix>
               0.190809 0.981627 0.000000 0.000000
               -0.981627 0.190809 0.000000 0.000000
               0.000000 -0.000000 1.000000 0.000000
               0.000000 0.000000 0.000000 1.000000
            </matrix>
            <instance_node url="#BlueRotationFin_25"/>
         </node>
      </node>
   </library_nodes>
   <library_visual_scenes>
      <visual_scene id="SketchUpScene" name="SketchUpScene">
         <node id="Model" name="Model">
            <node id="PlantFin1" name="PlantFin1">
               <matrix>
                  1.000000 0.000000 0.000000 0.000000
                  0.000000 1.000000 0.000000 0.000000
                  0.000000 0.000000 1.000000 0.000000
                  0.000000 0.000000 0.000000 1.000000
               </matrix>
               <instance_node url="#PlantFin"/>
            </node>
         </node>
      </visual_scene>
   </library_visual_scenes>
   <scene>
      <instance_visual_scene url="#SketchUpScene"/>
   </scene>
</COLLADA>
